

Kernel 1: 
 41.26  38.49  38.03  37.45   41.1  44.65  38.38  40.54  35.59  38.96  43.63  39.66  37.96  34.99   46.3  47.65  44.09  41.28  45.81  42.47  42.86  42.14   38.5  41.04  40.08  39.28  40.72  41.91  41.42  38.45  38.61  42.62  43.99  45.75  38.96  39.42  43.16  38.96   35.8  41.05  40.63  33.88   36.5  41.11  43.05     38  42.59  37.66  43.12  40.05  54.76  51.44   54.2  42.96  50.69  46.43  51.58  39.21  51.51  42.71   38.6  47.77   45.1  49.12  45.01  52.46  46.66  45.97  46.92  43.99  49.37  47.77  49.04  48.73  50.07   51.6  52.48  53.01  48.35  44.27  42.99  42.83  45.73  48.51  45.64  50.12   52.9   47.6  46.06  43.66  44.55  49.33  45.52  39.37  45.15  46.69  46.36  49.05  40.18  45.87  53.58  47.55  56.39  51.48  53.21  59.92  41.38  57.56   52.4  59.36  52.89  50.89   54.3  46.22     48  52.72  52.71  63.39  59.49   46.6  55.83  46.62  59.85   49.8  55.12  57.68   49.5  49.83   51.7  56.66  57.46  63.95  51.72  50.37  49.33  59.77  53.35  52.55  49.18  55.02  54.34  54.64  47.55   55.6   55.2  53.41  49.26  52.33  52.54  49.09
 38.49  36.01  35.49  34.98   38.3  41.62  35.76  37.84  33.26  36.43   40.7     37   35.5  32.63  43.14  44.31  41.06  38.51  42.77  39.55  40.08  39.27  35.78  38.37  37.42  36.78  38.02  39.12  38.68  35.91   36.1  39.84   40.9  42.55  36.43  36.82  40.31  36.43  33.42  38.33  37.88  31.83  34.02  38.36  40.13  35.54  39.67  35.14  40.21   37.4  51.76  48.56  51.27  40.71  47.99  43.89  48.67  37.03  48.74  40.32   36.6  45.09   42.8  46.45  42.44  49.57  44.04  43.46  44.58  41.62  46.59  45.15  46.53  46.11  47.34  48.78  49.72  50.17   45.7  41.83  40.69  40.53  43.22  45.96  43.06  47.22  50.01  45.19  43.44  41.31  42.15  46.61  43.06  37.22  42.68  44.05  43.77  46.36  37.91  43.33  50.67  45.04  53.47  48.77  50.41   56.9  39.15  54.65  49.81  56.12  49.99  48.26  51.44  43.83  45.44  49.84  49.91  59.95  56.65   44.3  52.85   44.1  56.91  47.19  52.13  54.64  46.86  47.11  49.02  53.72  54.58  60.47  49.04  47.71  46.81  56.73  50.39  49.72  46.48  52.09  51.45  51.71  45.04  52.64  52.21  50.57  46.75  49.53   49.6  46.41
 38.03  35.49  35.06  34.53  37.88  41.15  35.38  37.37  32.82  35.92  40.21  36.56     35  32.26  42.66   43.9  40.63  38.05  42.22  39.14  39.51  38.84  35.48  37.84  36.95  36.22  37.54  38.63  38.18  35.45   35.6  39.29  40.53  42.15  35.92  36.34  39.78  35.92  33.01  37.84  37.45  31.26  33.65   37.9  39.68  35.04  39.25  34.72  39.74  36.92  50.53  47.47  50.02  39.67  46.79  42.86   47.6   36.2  47.54  39.43  35.65  44.09  41.64  45.34  41.54  48.41  43.07  42.43  43.33  40.61  45.57  44.09  45.28  44.98  46.21  47.62  48.44  48.93  44.63  40.86  39.69  39.54  42.21  44.79  42.13  46.25  48.82  43.95  42.51  40.31  41.13  45.53  42.02  36.35  41.68  43.09  42.79  45.27  37.09  42.34  49.47  43.91  52.06  47.53  49.13  55.32  38.22  53.14  48.39  54.79  48.82  46.99  50.13  42.69  44.33  48.67  48.66   58.5  54.94  43.04  51.54  43.05  55.26  45.98  50.88  53.24   45.7     46  47.74   52.3  53.05  59.01  47.76   46.5  45.55  55.18  49.25  48.51   45.4  50.79  50.17  50.44  43.91  51.33  50.96  49.31  45.49  48.31   48.5  45.32
 37.45  34.98  34.53  34.06   37.3  40.56  34.86  36.83  32.37  35.42   39.6  36.06   34.5  31.75  41.92  43.19  39.96  37.47  41.61  38.55  38.97  38.26  34.86  37.34  36.51  35.74  37.02  38.06   37.6  34.98  35.13  38.71   39.9  41.46  35.42  35.76  39.14  35.42  32.53  37.29  36.86  30.84  33.15  37.37  39.17  34.54  38.68  34.22  39.14  36.37  50.45  47.41     50  39.69  46.78  42.91  47.58  36.13  47.51  39.42  35.65  44.04  41.62  45.38  41.41  48.31  43.11   42.4  43.39  40.58  45.62     44  45.38  45.03  46.14  47.54  48.44  48.96  44.64  40.73  39.66  39.49  42.14  44.94  42.19  46.21  48.78  43.97  42.47  40.31   41.2  45.54  41.98  36.28  41.69  43.06  42.77  45.22  36.93  42.31  49.71  44.08  52.23  47.73  49.34  55.58  38.38  53.38  48.63  54.93  48.87  47.14  50.25  42.87  44.49  48.77  48.81  58.69  55.29  43.22  51.67  43.19  55.55  46.06  51.02   53.4  45.76  46.07  47.94  52.44  53.25  59.12  47.96  46.61   45.8  55.33   49.4  48.66  45.46  50.87  50.31  50.46  44.08  51.51   51.1  49.38  45.61   48.4  48.62  45.45
  41.1   38.3  37.88   37.3  40.96   44.5  38.26  40.38  35.44  38.78  43.46  39.52  37.78  34.86  46.12  47.52  43.94  41.12  45.62  42.34  42.66     42   38.4  40.86  39.94  39.08  40.56  41.74  41.24   38.3  38.44  42.42  43.88  45.62  38.78  39.24  42.96  38.78  35.66  40.88  40.48  33.66  36.38  40.96  42.92  37.82  42.46  37.52  42.96  39.88  54.38  51.12  53.82  42.64  50.32  46.14  51.28  38.96  51.14  42.46   38.3  47.48  44.72   48.8  44.74   52.1   46.4  45.66  46.52  43.68   49.1  47.44  48.66   48.4  49.72  51.24  52.08  52.64  48.04  43.96  42.68  42.52  45.42  48.18   45.4  49.86  52.54   47.2   45.8  43.36  44.26  49.02   45.2   39.1  44.86  46.42  46.08  48.72  39.92  45.58  53.28  47.24  55.98  51.14  52.86  59.46  41.14  57.12  51.98     59  52.56  50.52  53.92   45.9   47.7   52.4  52.36     63  58.98  46.22  55.46  46.34  59.36  49.44  54.78  57.28  49.16  49.52  51.34  56.24     57  63.54  51.36  50.02  48.98   59.3  53.06  52.22  48.88  54.64  53.98  54.26  47.24  55.24  54.86  53.04  48.88  51.98  52.26   48.8
 44.65  41.62  41.15  40.56   44.5  48.42   41.6  43.89  38.53  42.14  47.22  42.98  41.04  37.83  50.04  51.65  47.74  44.69  49.61  46.03  46.39  45.68  41.66   44.5  43.49   42.5  44.14  45.36   44.8  41.66  41.81  46.13  47.66  49.54  42.14   42.6  46.64  42.14  38.75  44.43  43.98   36.6  39.53  44.61  46.75  41.12  46.16  40.78  46.68  43.33  59.83  56.29  59.28  46.99  55.44  50.87  56.52  42.83  56.29   46.8  42.15   52.3  49.18   53.8  49.19  57.31  51.19  50.22  51.31  48.06  54.22  52.18   53.7  53.33   54.7  56.38  57.36  58.06  52.96  48.27  46.96  46.75  49.96  53.24  50.11  54.95  57.86  51.99  50.43  47.77   48.8  54.02  49.74  42.98  49.43   51.1  50.75  53.62  43.83  50.19  59.09  52.28  61.91  56.57  58.54   65.8  45.54  63.16  57.51  65.29  58.05  55.86  59.61  50.83  52.87  57.97  57.87  69.67  65.37  51.08  61.35  51.29  65.69   54.6  60.58  63.28  54.28  54.69  56.84  62.08  63.01  70.16  56.88  55.21  54.16  65.57  58.76  57.72  53.98  60.37  59.75  59.94  52.28  61.15  60.74  58.64  54.03  57.44  57.84  53.95
 38.38  35.76  35.38  34.86  38.26   41.6  35.77  37.72  33.12  36.21  40.58  36.94  35.27  32.55  43.02   44.4  41.04  38.41  42.61  39.57  39.84  39.26  35.86  38.21  37.36   36.5  37.92  38.98   38.5   35.8  35.92  39.62  40.99   42.6  36.21  36.62  40.08  36.21  33.32  38.18  37.81  31.43     34  38.32  40.16  35.33  39.68  35.06  40.12  37.24  51.08  48.07  50.59  40.11  47.31  43.43  48.26  36.62  48.05  39.98     36  44.67  41.98  45.92  42.05  48.94  43.71   42.9  43.75  41.05  46.28  44.57  45.79  45.52  46.71  48.14  48.94  49.53  45.21  41.26  40.11  39.94  42.68   45.4  42.79  46.94  49.39  44.35  43.09  40.79  41.66  46.12  42.48  36.74  42.21  43.66  43.35  45.79  37.49  42.87  50.35  44.57  52.75  48.22  49.88  56.03  38.85   53.8  48.98  55.65  49.52  47.61  50.81  43.32  45.06  49.43  49.34  59.38  55.61  43.53  52.29  43.74  55.92  46.56  51.65  53.94   46.3  46.66  48.43  52.92  53.67  59.82  48.46  47.09  46.16  55.85   50.1  49.22  46.06  51.47  50.92  51.11  44.57  52.11  51.77  49.99  46.05  48.98  49.33  46.02
 40.54  37.84  37.37  36.83  40.38  43.89  37.72  39.85     35  38.31  42.87     39  37.32  34.37  45.44  46.79  43.29  40.56  45.03  41.73  42.15  41.41  37.78  40.37  39.45  38.64  40.04  41.19   40.7  37.82  37.98  41.89  43.21  44.92  38.31  38.72  42.39  38.31  35.19  40.35  39.91  33.33  35.87  40.42  42.35  37.36  41.86  37.02  42.37  39.36  54.21  50.93  53.69  42.58  50.22  46.03  51.09  38.81  51.02  42.31  38.25   47.3  44.68  48.69  44.52  51.92  46.25  45.53  46.53  43.57  48.94  47.28  48.65  48.31  49.57  51.08     52  52.54  47.91  43.79  42.58  42.41  45.27  48.15  45.25  49.63  52.39  47.18  45.61  43.26  44.18  48.88  45.08  38.97  44.74  46.24  45.92  48.57  39.72  45.43  53.22  47.21  55.97  51.12  52.84  59.52  41.09  57.17  52.06  58.89  52.43  50.51  53.87   45.9  47.65  52.29  52.31  62.91  59.15  46.28  55.39  46.27  59.47  49.39  54.69  57.24  49.08  49.41  51.34  56.22  57.05  63.42  51.36  49.97  49.02  59.31  52.94  52.15  48.76  54.56  53.92  54.15  47.21  55.19  54.77  52.96  48.88   51.9  52.12  48.71
 35.59  33.26  32.82  32.37  35.44  38.53  33.12     35  30.77  33.67  37.63  34.26   32.8  30.18  39.84  41.02  37.97  35.61  39.54  36.62  37.04  36.35  33.12  35.49  34.68  33.98  35.18  36.17  35.74  33.24  33.39   36.8  37.89  39.38  33.67     34  37.21  33.67  30.92  35.44  35.03  29.35   31.5  35.51   37.2  32.84  36.74  32.52  37.19  34.57  47.94  45.04  47.51  37.73  44.46  40.76  45.19  34.34  45.15  37.45   33.9  41.84  39.58  43.11  39.35  45.91  40.94  40.29  41.26  38.57  43.32  41.82  43.13  42.78  43.85  45.18  46.04  46.52  42.41  38.72   37.7  37.54  40.05  42.69  40.06  43.88  46.35  41.81  40.34  38.31  39.14  43.26   39.9  34.49  39.61   40.9  40.63  42.97  35.11   40.2  47.19  41.87  49.62  45.33  46.86   52.8  36.45  50.71  46.21  52.16  46.42  44.79  47.74  40.73  42.26  46.32  46.36  55.72  52.54  41.08  49.08  41.02  52.78  43.77  48.45  50.72  43.48  43.76  45.54  49.82   50.6  56.14  45.56  44.28   43.5  52.58   46.9  46.21  43.18  48.33  47.79  47.95  41.87  48.92  48.53  46.92  43.35  45.98  46.16  43.16
 38.96  36.43  35.92  35.42  38.78  42.14  36.21  38.31  33.67  36.88   41.2  37.48  35.93  33.03  43.64  44.86  41.54  38.97  43.29  40.05  40.57  39.75  36.22  38.82  37.93  37.22  38.48   39.6  39.14  36.37  36.55  40.29  41.45  43.09  36.88  37.24  40.77  36.88  33.83   38.8  38.33  32.16  34.45  38.81  40.66  35.95  40.19  35.58  40.71  37.85  52.41  49.18  51.92  41.21  48.58  44.49  49.31   37.5  49.36  40.84  37.05  45.66  43.32  47.07  42.96  50.18  44.64  44.04   45.1  42.15  47.21   45.7  47.12  46.74  47.93  49.38  50.34   50.8  46.29  42.34   41.2  41.04  43.76  46.58  43.66  47.85  50.64  45.73  44.02  41.83  42.73  47.23   43.6  37.68  43.24  44.65  44.35  46.95  38.35  43.89  51.35  45.63  54.15  49.44  51.07  57.65  39.68  55.39  50.46  56.84  50.62  48.87  52.08  44.38  45.99  50.46  50.58  60.78  57.37  44.87  53.51  44.67  57.66  47.77  52.82  55.38  47.44  47.72  49.65  54.44  55.28  61.29  49.66  48.35  47.49  57.41  51.05   50.4  47.08  52.73  52.08   52.3  45.63  53.32  52.86  51.16  47.31  50.15  50.25  47.04
 43.63   40.7  40.21   39.6  43.46  47.22  40.58  42.87  37.63   41.2  46.14  41.94  40.14  36.99  48.96  50.39  46.62  43.65  48.45  44.91  45.33  44.56   40.7   43.4  42.39  41.54  43.06  44.32   43.8  40.66  40.83  45.07  46.52  48.38   41.2  41.68  45.64   41.2  37.85  43.41  42.96  35.82  38.59  43.47  45.53  40.18  45.04  39.82   45.6  42.35  57.97  54.45  57.38  45.47  53.66  49.15   54.6  41.49  54.53   45.2  40.85  50.56  47.74     52  47.63  55.53  49.39  48.66  49.67  46.56  52.26  50.56  51.92  51.59     53  54.62  55.56  56.12  51.18  46.85   45.5  45.33   48.4  51.36  48.31  53.05     56  50.39  48.75  46.21  47.16  52.22  48.18  41.66  47.79  49.42  49.07  51.92  42.51  48.55  56.73  50.34  59.71  54.51  56.34  63.46   43.8  60.96  55.49  62.85  55.99  53.88  57.49  48.93  50.81  55.81  55.81  67.13  63.01  49.34  59.11  49.35  63.39  52.72  58.36  61.08   52.4  52.75  54.74     60  60.85  67.72  54.76  53.33  52.24  63.29  56.48  55.64  52.06  58.25  57.53  57.84  50.34  58.87  58.44  56.54  52.15   55.4  55.62  51.97
 39.66     37  36.56  36.06  39.52  42.98  36.94     39  34.26  37.48  41.94   38.2   36.5  33.62   44.4   45.8  42.34  39.68  44.06  40.86  41.24  40.54  36.96  39.52  38.68   37.8   39.2   40.3   39.8  37.04  37.18  40.96  42.32  43.96  37.48  37.84  41.42  37.48  34.44  39.48  39.04  32.56  35.12  39.58  41.52  36.54     41  36.24  41.46   38.5  53.28   50.1   52.8  41.88  49.38  45.34   50.3  38.16  50.16  41.66   37.6  46.54  43.88  47.94  43.76  51.02  45.58  44.78  45.74  42.84  48.24  46.46  47.88  47.56  48.72   50.2  51.12   51.7  47.16     43  41.86  41.68   44.5  47.46  44.62  48.88  51.52  46.36   44.9  42.56  43.52  48.12  44.32   38.3  44.04  45.52   45.2  47.76     39   44.7  52.56  46.56  55.14  50.42  52.12  58.66  40.56  56.34   51.3  58.06  51.64  49.76  53.06  45.26     47  51.54  51.56  62.04   58.3  45.58  54.58  45.64   58.6  48.62  53.92   56.4  48.32  48.68  50.62  55.36  56.18  62.48  50.64  49.22  48.36  58.38  52.24  51.42  48.04  53.72  53.14  53.28  46.56  54.42     54  52.14  48.12  51.12  51.42  48.04
 37.96   35.5     35   34.5  37.78  41.04  35.27  37.32   32.8  35.93  40.14   36.5  35.01  32.19  42.54   43.7  40.48  37.97  42.17  39.01  39.52  38.72   35.3  37.81  36.92  36.26  37.48  38.58  38.14  35.42   35.6  39.26  40.37  41.98  35.93   36.3  39.74  35.93  32.96   37.8  37.35  31.35  33.56   37.8  39.58  35.03  39.14  34.66  39.66  36.88  50.92  47.77  50.43  40.03  47.19  43.19  47.88  36.44  47.95  39.66     36  44.35   42.1   45.7  41.75  48.76  43.33  42.78  43.81  40.95  45.82  44.41  45.75  45.38  46.57  47.98   48.9  49.33  44.95  41.16  40.03  39.88  42.52   45.2  42.37  46.46  49.19  44.43  42.75  40.63  41.48  45.86  42.36  36.62  41.99  43.36  43.07  45.61  37.29  42.63  49.79  44.27  52.55  47.96  49.54  55.93  38.49  53.74  48.96  55.15  49.14  47.43  50.55  43.06  44.62  48.97  49.08  58.96  55.65  43.55  51.93  43.34  55.94  46.38  51.25  53.74  46.06  46.32  48.17  52.84  53.65  59.48  48.18  46.93  46.06  55.73  49.52   48.9   45.7  51.19  50.54  50.79  44.27  51.73  51.29  49.67  45.93  48.68  48.75  45.64
 34.99  32.63  32.26  31.75  34.86  37.83  32.55  34.37  30.18  33.03  36.99  33.62  32.19  29.71  39.28   40.4  37.39     35  38.81  36.01  36.31  35.72   32.7  34.75  33.95  33.28   34.5  35.53  35.12  32.59  32.72  36.11  37.32  38.81  33.03  33.44   36.6  33.03  30.37   34.8  34.46  28.71  30.97  34.82  36.46  32.21  36.11  31.94  36.56  33.96  46.01  43.22  45.51  36.08  42.56  38.99  43.32     33  43.27  35.89  32.45  40.14   37.9  41.24  37.87  44.09  39.18  38.65  39.36  36.98  41.43  40.16  41.13  40.92  42.08  43.36  44.06  44.48   40.6  37.26  36.14  36.02  38.45  40.67  38.32  42.11  44.43  39.96  38.72  36.68  37.41  41.43  38.26  33.13  37.93  39.25  38.96  41.22  33.84  38.55  44.84  39.84  47.23  43.13  44.55  50.15  34.69   48.2  43.87  49.72  44.36  42.64   45.5  38.71  40.19  44.18  44.18   53.1  49.73  39.05  46.77  39.07  50.08  41.76  46.19  48.34  41.52   41.8  43.29   47.5  48.12  53.61   43.3  42.25  41.33  50.05  44.69  44.05  41.26  46.12  45.51  45.81  39.84  46.56  46.23  44.76  41.28  43.87  44.03  41.16
  46.3  43.14  42.66  41.92  46.12  50.04  43.02  45.44  39.84  43.64  48.96   44.4  42.54  39.28  52.12  53.54  49.56  46.32  51.36  47.64     48  47.26  43.32  45.92  44.76  43.96   45.6     47  46.48  43.02   43.2   47.8  49.38  51.42  43.64  44.28   48.5  43.64  40.12  46.02  45.62  37.92  40.92  46.04  48.14  42.58  47.74   42.2  48.38  44.92  60.32  56.62   59.6  47.16  55.72  50.92   56.7  43.18  56.66  46.92   42.4  52.56   49.6   53.9  49.66  57.82  51.18  50.56  51.46  48.38  54.14  52.64  53.72  53.46  55.14  56.84  57.68   58.2   53.1  48.86  47.28  47.14  50.36  53.04  50.02  55.12   58.2  52.28  50.66  47.96  48.82  54.18  50.08  43.36  49.58  51.34  50.96  53.98   44.4  50.44  58.44  51.94  61.68  56.22   58.1  65.42  45.16  62.86  57.18  64.98  58.02  55.66  59.46  50.46  52.44  57.74  57.66  69.34   64.8   50.9  61.12  50.96   65.3  54.58  60.32  63.12  54.28  54.62  56.46  62.04  62.82   70.1  56.48  55.16  53.78  65.44  58.34  57.48  53.92  60.32  59.46     60  51.94  60.78   60.4  58.56  53.92  57.34   57.5   53.7
 47.65  44.31   43.9  43.19  47.52  51.65   44.4  46.79  41.02  44.86  50.39   45.8   43.7   40.4  53.54  55.26  51.05  47.69  52.88  49.16  49.37  48.76  44.64  47.34  46.25  45.18  47.02  48.37  47.78  44.35  44.48  49.15  50.97  53.01  44.86  45.46  49.78  44.86  41.31  47.36  46.97  38.84  42.19  47.54   49.8  43.78  49.27  43.48  49.82   46.2  62.59  58.91  61.92  48.99  57.87  53.08  59.12  44.84   58.8  48.93  43.95  54.73  51.28  56.14   51.6  59.99  53.47  52.49  53.37  50.21  56.63  54.61  55.86  55.62  57.21  58.98  59.84  60.57  55.31  50.58  49.05  48.86  52.27  55.37  52.33  57.55  60.48  54.15  52.79  49.87  50.87  56.43  51.98  44.97  51.62  53.47  53.07  56.07  46.01  52.48  61.43  54.35  64.36  58.79  60.83  68.26  47.36  65.54  59.61  68.03  60.58  58.07  62.05  52.79  54.99  60.43  60.22  72.54   67.6  52.98  63.88  53.39  68.06  56.86   63.1  65.84  56.58  57.04  59.04  64.58  65.41  73.15  59.08  57.48  56.17  68.16  61.23  60.09  56.32  62.91  62.19  62.54  54.35  63.61  63.26  61.11  56.17  59.85  60.32   56.2
 44.09  41.06  40.63  39.96  43.94  47.74  41.04  43.29  37.97  41.54  46.62  42.34  40.48  37.39  49.56  51.05  47.22  44.13  48.93  45.43  45.71  45.08  41.26  43.82  42.73  41.86   43.5  44.76  44.24  41.02  41.17  45.53  47.06  48.98  41.54  42.12  46.12  41.54  38.23  43.83  43.46  36.08  39.01  43.97  45.99  40.56  45.52  40.22  46.08  42.77  57.95  54.49  57.32  45.39   53.6  49.07  54.64  41.51  54.45  45.24  40.75  50.62  47.58  51.92  47.75  55.55  49.39  48.58  49.51   46.5   52.3  50.58  51.74  51.45  52.98  54.62  55.44  56.06  51.16  46.87  45.44  45.27   48.4   51.2  48.31  53.15  55.98  50.23  48.79  46.17  47.04  52.18  48.14  41.66  47.75  49.42  49.07   51.9  42.63  48.55  56.69  50.24  59.55  54.33  56.22  63.16  43.74  60.64  55.19  62.85  56.01  53.74  57.41  48.83  50.83  55.85  55.67  66.99  62.61  49.08  59.07  49.33  63.01  52.64   58.3  60.88  52.36  52.73   54.6  59.76  60.57   67.6  54.64  53.17  51.92  63.13  56.52  55.52  52.06  58.21  57.51   57.9  50.24  58.79  58.46  56.56  52.03  55.36  55.68  51.91
 41.28  38.51  38.05  37.47  41.12  44.69  38.41  40.56  35.61  38.97  43.65  39.68  37.97     35  46.32  47.69  44.13  41.31  45.84   42.5  42.88  42.18  38.52  41.09   40.1   39.3  40.76  41.93  41.44  38.47  38.63  42.66     44  45.77  38.97  39.44  43.18  38.97  35.82  41.07  40.66  33.91  36.52  41.17  43.09  38.03  42.61  37.68  43.14  40.07   54.9  51.59  54.35  43.09  50.84  46.56  51.74  39.31  51.64  42.85   38.7  47.92   45.2  49.26  45.14   52.6  46.81  46.07  47.07   44.1  49.55   47.9  49.19  48.85   50.2  51.74  52.62  53.18   48.5  44.37   43.1  42.93  45.85  48.67  45.79  50.28  53.05  47.73  46.19  43.79  44.67  49.47  45.64  39.47  45.28  46.81  46.49  49.18  40.29     46  53.83  47.74   56.6  51.66  53.43  60.13  41.55  57.74  52.58  59.61  53.09  51.08  54.51  46.42  48.24  52.95  52.89  63.61  59.72  46.75  56.06  46.82  60.05  49.98  55.33  57.86  49.68  50.01  51.91  56.82  57.65  64.15  51.94  50.52  49.47     60  53.59  52.73  49.36  55.23  54.58  54.87  47.74  55.83  55.45  53.64  49.45  52.53  52.77  49.27
 45.81  42.77  42.22  41.61  45.62  49.61  42.61  45.03  39.54  43.29  48.45  44.06  42.17  38.81  51.36  52.88  48.93  45.84  50.91  47.15  47.65   46.8  42.66  45.65  44.57  43.68  45.26  46.55     46  42.73  42.92  47.37   48.8  50.75  43.29  43.76  47.92  43.29  39.75   45.6   45.1  37.69  40.51   45.7  47.86  42.23  47.29  41.82  47.88  44.48  61.47  57.74  60.89  48.28  56.96  52.17  57.92  43.96  57.85  47.95  43.35  53.62  50.66   55.2  50.45  58.87  52.42  51.59   52.8  49.38  55.49   53.6  55.19  54.76   56.2  57.92  58.98   59.6  54.32  49.62  48.26  48.06  51.31  54.61  51.28  56.25  59.41  53.52  51.68  49.04  50.07  55.41   51.1  44.15  50.71  52.39  52.04  55.06     45  51.49   60.4  53.56  63.53  57.99  59.97  67.57  46.59  64.88  59.09  66.84  59.48  57.32  61.14  52.09  54.09  59.34  59.34  71.38  67.19  52.51  62.87  52.49  67.52  56.04  62.05  64.94  55.68  56.04  58.27  63.78  64.76  71.95   58.3  56.67  55.59  67.35  60.07  59.15   55.3  61.92  61.21  61.47  53.56  62.64  62.17  60.12  55.48  58.89  59.13  55.24
 42.47  39.55  39.14  38.55  42.34  46.03  39.57  41.73  36.62  40.05  44.91  40.86  39.01  36.01  47.64  49.16  45.43   42.5  47.15  43.79  44.07  43.44   39.7  42.25  41.31  40.36  41.94  43.13   42.6  39.59  39.72  43.83  45.38  47.17  40.05  40.52  44.36  40.05  36.85  42.24  41.84  34.73  37.61  42.38  44.42  39.07  43.91  38.78   44.4   41.2  56.33     53  55.77  44.18  52.14  47.85   53.2  40.36  52.97  44.05  39.65  49.24  46.26   50.6  46.37  53.97  48.16  47.29  48.18  45.24  50.99  49.14  50.43  50.16   51.5  53.08  53.94  54.58  49.82   45.5   44.2  44.02  47.05  49.99  47.14  51.75  54.45  48.86   47.5  44.94  45.89  50.83  46.82  40.49  46.51  48.13  47.78  50.48  41.34  47.25  55.42  49.06  58.09  53.09  54.91  61.69  42.75  59.24  53.91   61.3  54.56  52.42  55.96  47.67  49.59  54.44  54.34  65.42  61.19  47.91  57.59  48.15  61.56  51.28  56.89  59.42     51   51.4  53.31   58.3   59.1  65.93  53.34  51.87  50.81  61.51  55.17  54.21  50.74   56.7  56.07  56.31  49.06  57.38  57.01  55.06   50.7  53.95  54.33  50.68
 42.86  40.08  39.51  38.97  42.66  46.39  39.84  42.15  37.04  40.57  45.33  41.24  39.52  36.31     48  49.37  45.71  42.88  47.65  44.07  44.65  43.75  39.82  42.75  41.75  40.96  42.36  43.57  43.06  40.02  40.22  44.35  45.59   47.4  40.57  40.96  44.85  40.57  37.21  42.69  42.17  35.39  37.89  42.74  44.77  39.56  44.22  39.14  44.79  41.64  57.95  54.39  57.43  45.58  53.74  49.21  54.55  41.43  54.58  45.17  40.95   50.5  47.88  52.07  47.48  55.48  49.39  48.67  49.91  46.59  52.26  50.52  52.15  51.69  52.99   54.6  55.68  56.22  51.21  46.77  45.54  45.35  48.37  51.57  48.31  52.93  56.01  50.58  48.67  46.26  47.26  52.24   48.2  41.63  47.82  49.36  49.04  51.91  42.36  48.53  56.94  50.55  59.99  54.76   56.6  63.88  43.95  61.35   55.9  62.99  56.05  54.13  57.69  49.18  50.99  55.91  56.01  67.33  63.61  49.68  59.29  49.49  63.89  52.89  58.51  61.32  52.52  52.83  55.02  60.26  61.23  67.86  55.04  53.51  52.58  63.61  56.58  55.81  52.12   58.4  57.72  57.93  50.55  59.09  58.59  56.68   52.4  55.54  55.68  52.09
 42.14  39.27  38.84  38.26     42  45.68  39.26  41.41  36.35  39.75  44.56  40.54  38.72  35.72  47.26  48.76  45.08  42.18   46.8  43.44  43.75  43.11  39.36  41.97  40.99  40.08  41.64   42.8  42.28  39.29  39.43  43.53  44.98  46.77  39.75  40.22  44.03  39.75  36.57  41.92  41.52  34.53  37.31  42.09  44.08   38.8  43.55  38.48  44.05  40.89  56.15  52.83  55.61  44.08  52.01   47.7  53.03  40.22  52.81  43.92  39.55  49.09  46.14  50.45  46.21   53.8  48.01  47.12  48.11   45.1  50.85  48.99  50.33     50  51.34  52.92   53.8  54.45  49.68  45.34  44.07  43.88   46.9  49.88  46.99  51.57  54.29  48.76  47.33  44.82  45.75  50.67  46.68  40.36  46.37  47.95  47.62  50.32   41.2   47.1  55.34  48.98     58  52.98  54.83   61.6  42.67  59.13  53.84  61.19  54.44  52.34  55.87  47.62  49.55  54.35  54.22  65.26  61.16  47.84   57.5  48.07  61.48  51.19  56.77  59.28   50.9  51.28  53.24  58.16  59.01  65.75  53.28  51.74  50.69  61.44  55.07  54.08  50.62   56.6     56  56.23  48.98  57.29  56.93  54.99  50.64  53.85  54.22  50.56
  38.5  35.78  35.48  34.86   38.4  41.66  35.86  37.78  33.12  36.22   40.7  36.96   35.3   32.7  43.32  44.64  41.26  38.52  42.66   39.7  39.82  39.36  36.16  38.14  37.26  36.44  37.92  39.06   38.6  35.78  35.88  39.66   41.2  42.86  36.22  36.76  40.24  36.22  33.38  38.24  37.96  31.34   34.1  38.32  40.12  35.34  39.78  35.12  40.24  37.32   49.7  46.76   49.1  38.84  45.88  42.06  46.88  35.68  46.66  38.82   34.9  43.44  40.72  44.48  41.06  47.66  42.36   41.7  42.24  39.88  44.82   43.4  44.18  44.08  45.44  46.84  47.44  47.96  43.84  40.28  38.96  38.84  41.54  43.74  41.44  45.66  47.98  42.92  41.92  39.56   40.3  44.74  41.28  35.78  40.94  42.46  42.12  44.52  36.68  41.66  48.36  42.88  50.78  46.38  47.94  53.78  37.38  51.68  46.98  53.68  47.92  45.84     49  41.62  43.34  47.72  47.56  57.24  53.14  41.82  50.42  42.14   53.6  44.96  49.82     52  44.76  45.12  46.54  51.04   51.6  57.82  46.56  45.46   44.3  53.78   48.3  47.46  44.56  49.72  49.06  49.46  42.88  50.16   49.9  48.28  44.36   47.3  47.62   44.4
 41.04  38.37  37.84  37.34  40.86   44.5  38.21  40.37  35.49  38.82   43.4  39.52  37.81  34.75  45.92  47.34  43.82  41.09  45.65  42.25  42.75  41.97  38.14  41.04  40.03  39.22  40.64  41.72  41.22  38.35  38.53  42.51  43.65  45.39  38.82   39.2  42.91  38.82  35.65  40.88  40.41   33.9  36.31  41.07  42.98  37.91  42.37   37.5  42.89  39.87  55.95   52.6   55.5  44.09  51.96  47.61  52.81  40.02   52.7  43.76  39.55  48.88  46.16  50.37   45.9  53.58  47.86  46.96  48.28  44.99  50.71   48.8  50.46  49.94  51.17  52.74  53.78  54.42  49.57   45.1  43.98  43.76  46.72  49.98  46.84  51.27  54.14  48.85  47.08  44.75  45.71  50.53  46.56   40.2  46.26  47.71  47.43  50.15  40.91  46.93  55.47  49.11  58.19  53.12  55.01  61.93  42.74  59.41  54.18  61.22  54.38  52.51  55.98  47.82  49.69  54.36   54.3   65.3  61.73  48.11  57.59  48.13   61.9  51.27   56.8  59.38  50.92  51.24  53.45  58.28   59.3  65.71   53.5  51.79  50.91  61.69  55.07  54.12  50.56  56.65  56.12  56.24  49.11  57.42     57  55.06  50.83  53.89  54.17  50.56
 40.08  37.42  36.95  36.51  39.94  43.49  37.36  39.45  34.68  37.93  42.39  38.68  36.92  33.95  44.76  46.25  42.73   40.1  44.57  41.31  41.75  40.99  37.26  40.03  39.25  38.28  39.68  40.75  40.22  37.52  37.66  41.41  42.77  44.38  37.93   38.2  41.81  37.93  34.83  39.93  39.43  32.95  35.51  40.06  42.09  36.96  41.48  36.66  41.91  38.92  54.69  51.45  54.27  43.08  50.76  46.69  51.71  39.15  51.54  42.83  38.65   47.8  45.08  49.35  44.84  52.34  46.93  46.01  47.09  44.01  49.68  47.66  49.35  48.97  50.01  51.52  52.56   53.2  48.51  44.05     43  42.79  45.67  48.99  45.97  50.23  52.93  47.68  46.13  43.76  44.84   49.5  45.52  39.29   45.3  46.78  46.46  49.05   39.9  45.93  54.36  48.09  56.91   52.1  53.86  60.64  41.91  58.23  53.04  59.89  53.17  51.35  54.71  46.76  48.53  53.13  53.21  64.05  60.37  47.08  56.29  47.11  60.61  50.09  55.63   58.2  49.76  50.15   52.3   57.1  58.01   64.4  52.32  50.75  50.04  60.21  53.92  53.07  49.48  55.34  54.82  54.81  48.09  56.19  55.71   53.7  49.62  52.68  53.04  49.57
 39.28  36.78  36.22  35.74  39.08   42.5   36.5  38.64  33.98  37.22  41.54   37.8  36.26  33.28  43.96  45.18  41.86   39.3  43.68  40.36  40.96  40.08  36.44  39.22  38.28   37.6  38.84  39.94  39.48   36.7   36.9  40.68  41.72  43.38  37.22  37.56  41.12  37.22  34.12  39.14  38.64  32.54  34.72  39.18  41.02   36.3   40.5  35.88  41.04  38.18   53.4   50.1  52.94  42.06  49.56  45.36  50.24  38.18  50.32  41.62   37.8  46.52   44.2     48  43.72  51.12   45.5  44.86   46.1  42.96  48.14  46.56  48.14  47.66  48.84  50.32  51.36  51.84   47.2   43.1     42  41.82  44.58  47.58   44.5  48.72  51.62   46.7  44.82  42.66  43.58  48.14  44.44  38.38  44.08  45.46  45.18  47.84  39.02  44.72   52.5  46.64  55.36  50.52  52.22  58.98  40.54  56.64  51.64  58.06  51.66  49.96  53.22   45.4  47.04  51.54  51.66  62.06   58.8   45.9  54.68  45.64  59.02   48.8  53.94  56.56  48.44   48.7  50.78   55.6  56.54  62.54   50.8  49.36  48.54  58.72  52.14  51.46  48.04  53.86  53.24  53.42  46.64   54.5  54.02  52.28  48.38  51.22   51.3  48.02
 40.72  38.02  37.54  37.02  40.56  44.14  37.92  40.04  35.18  38.48  43.06   39.2  37.48   34.5   45.6  47.02   43.5  40.76  45.26  41.94  42.36  41.64  37.92  40.64  39.68  38.84  40.28  41.38  40.88  38.02  38.18  42.12  43.38   45.1  38.48  38.88  42.56  38.48  35.36  40.54   40.1  33.52  36.04   40.7  42.62  37.56  42.06   37.2  42.56  39.54  54.96  51.68  54.48  43.24  50.98  46.74  51.88  39.34  51.74  42.98   38.8  48.02  45.28  49.44  45.14  52.64     47  46.14  47.28  44.18  49.78  47.94  49.44  49.02  50.26   51.8  52.76  53.38  48.66  44.34  43.18  42.98   45.9  48.98     46   50.4  53.16  47.88  46.28  43.92  44.86  49.62  45.72   39.5  45.42   46.9   46.6  49.26  40.24   46.1  54.32   48.1  56.98  52.04  53.86   60.6  41.88  58.16     53     60  53.34  51.42  54.84   46.8  48.64  53.28  53.22  64.02   60.3  47.08  56.42  47.16  60.54  50.24  55.68   58.2  49.92  50.26  52.32  57.12  58.04  64.46  52.36  50.78  49.86  60.38  53.98  53.06   49.6  55.52  54.96  55.12   48.1  56.24  55.84  53.94  49.76  52.82  53.12  49.58
 41.91  39.12  38.63  38.06  41.74  45.36  38.98  41.19  36.17   39.6  44.32   40.3  38.58  35.53     47  48.37  44.76  41.93  46.55  43.13  43.57   42.8  39.06  41.72  40.75  39.94  41.38  42.58  42.08  39.08  39.25  43.31  44.66  46.44   39.6  40.04  43.84   39.6  36.37  41.71  41.26  34.46  37.07  41.77  43.75  38.62  43.26  38.26   43.8  40.69  55.93  52.53  55.38  43.91   51.8  47.45  52.68  40.03  52.63  43.62  39.45  48.78   46.1   50.2  45.93  53.57  47.67  46.96  47.99  44.94  50.44  48.78  50.16  49.81  51.14   52.7  53.64  54.18   49.4  45.19  43.92  43.75   46.7  49.62  46.63  51.17  54.04  48.67  47.03  44.61  45.54   50.4   46.5   40.2  46.13  47.68  47.35   50.1  40.99  46.85  54.81  48.64  57.69  52.67  54.44  61.34  42.32  58.92  53.65  60.69  54.05  52.06  55.53  47.29  49.09  53.89  53.91  64.83  60.95   47.7  57.09  47.67  61.29  50.92  56.36     59   50.6  50.93   52.9  57.96  58.81  65.38  52.92  51.51   50.5  61.15  54.54  53.74  50.26  56.25  55.57  55.84  48.64  56.87  56.44   54.6  50.39   53.5   53.7  50.19
 41.42  38.68  38.18   37.6  41.24   44.8   38.5   40.7  35.74  39.14   43.8   39.8  38.14  35.12  46.48  47.78  44.24  41.44     46   42.6  43.06  42.28   38.6  41.22  40.22  39.48  40.88  42.08   41.6   38.6  38.78  42.82   44.1  45.88  39.14   39.6  43.36  39.14  35.94  41.22  40.78   34.1  36.62  41.26  43.18  38.18  42.72   37.8  43.28  40.22  55.14  51.76  54.58  43.28  51.06  46.72  51.88  39.46  51.88  42.96   38.9  48.06  45.48  49.44  45.28  52.82  46.92  46.28  47.32   44.3  49.64   48.1  49.42  49.06  50.42  51.96  52.88  53.38  48.66  44.58   43.3  43.14  46.04  48.84  45.88  50.38  53.26     48  46.32  43.96  44.84  49.64  45.84  39.64  45.44  46.96  46.64  49.38  40.44  46.16  53.88  47.86   56.8  51.82  53.56  60.38  41.62     58  52.82  59.72  53.22  51.26  54.68  46.54   48.3  53.04  53.06  63.78     60  46.98   56.2   46.9  60.34  50.16  55.46  58.08  49.84  50.14  52.06  57.08  57.92  64.36  52.08  50.72  49.68  60.24  53.64  52.88  49.48   55.4   54.7  55.02  47.86  55.96  55.54  53.78  49.64  52.68  52.82  49.38
 38.45  35.91  35.45  34.98   38.3  41.66   35.8  37.82  33.24  36.37  40.66  37.04  35.42  32.59  43.02  44.35  41.02  38.47  42.73  39.59  40.02  39.29  35.78  38.35  37.52   36.7  38.02  39.08   38.6  35.93  36.08  39.74  40.98  42.57  36.37   36.7  40.17  36.37   33.4  38.29  37.84  31.65  34.04  38.38  40.25  35.46  39.73  35.14  40.19  37.34  51.94  48.82  51.49  40.87  48.17  44.21  49.01  37.19  48.92   40.6   36.7  45.35  42.84  46.75  42.62  49.73  44.42  43.66  44.68  41.78  47.01  45.29  46.75  46.39   47.5  48.94  49.88  50.43  45.98  41.91  40.83  40.65  43.38  46.32  43.48   47.6  50.23  45.27  43.74  41.51  42.45  46.91  43.22  37.34  42.94  44.35  44.05  46.56  37.99  43.57  51.27  45.44  53.83  49.21  50.87   57.3  39.57  55.03  50.13  56.62  50.35  48.58  51.78  44.19  45.86  50.26  50.31  60.51  57.01  44.54  53.25  44.52  57.27  47.45  52.59  55.04  47.14  47.47  49.42  54.04  54.88  60.93  49.44  48.03  47.23  57.01  50.93  50.16  46.84  52.41  51.85  51.97  45.44   53.1  52.67  50.87  46.99  49.87  50.12  46.85
 38.61   36.1   35.6  35.13  38.44  41.81  35.92  37.98  33.39  36.55  40.83  37.18   35.6  32.72   43.2  44.48  41.17  38.63  42.92  39.72  40.22  39.43  35.88  38.53  37.66   36.9  38.18  39.25  38.78  36.08  36.25  39.94  41.09   42.7  36.55  36.88  40.37  36.55  33.54  38.46  37.99  31.87  34.16  38.53  40.38  35.64  39.86  35.28  40.35  37.51  52.32  49.14  51.87  41.19  48.54   44.5  49.31  37.44  49.29  40.85     37  45.64  43.22  47.07  42.89  50.09  44.68  43.97  45.08  42.09  47.28  45.62  47.13  46.72  47.85   49.3  50.28   50.8  46.29  42.22  41.14  40.96  43.69  46.65  43.72  47.86  50.59  45.67     44  41.81  42.74  47.22  43.54  37.61  43.23  44.62  44.33  46.89  38.25  43.86  51.57  45.75  54.24  49.55  51.22  57.76  39.81  55.47  50.55  56.98  50.68  48.95  52.16  44.51  46.16  50.58  50.66   60.9  57.52  44.92  53.62   44.8  57.76  47.81  52.93  55.44  47.48  47.78  49.78  54.46  55.34  61.34   49.8  48.38  47.58  57.48  51.22  50.49  47.14  52.79  52.21  52.35  45.75  53.46  53.01  51.24  47.37  50.22   50.4  47.14
 42.62  39.84  39.29  38.71  42.42  46.13  39.62  41.89   36.8  40.29  45.07  40.96  39.26  36.11   47.8  49.15  45.53  42.66  47.37  43.83  44.35  43.53  39.66  42.51  41.41  40.68  42.12  43.31  42.82  39.74  39.94  44.13  45.31  47.16  40.29  40.76  44.63  40.29  36.99  42.43  41.97  35.19  37.67  42.54  44.47  39.34  43.94   38.9  44.53   41.4  57.29  53.79  56.75  45.04  53.12  48.57  53.93  40.97  53.92  44.67  40.45  49.96  47.28  51.41  47.02  54.88  48.79  48.05  49.31  46.03  51.66  49.98  51.47  50.99  52.39     54     55  55.56  50.61  46.27     45  44.81  47.83  50.87  47.71  52.35  55.37  49.96  48.11  45.72  46.62   51.6  47.64  41.17  47.24  48.76  48.46  51.31  41.98  47.97  56.24  49.91  59.23     54  55.88  62.98  43.39  60.45   55.1  62.27  55.43  53.45  57.01  48.58  50.45  55.31  55.27  66.43  62.69  48.98  58.61  48.91  62.95  52.27  57.79  60.48  51.92  52.21  54.32  59.42  60.39  66.98  54.36  52.79  51.74  62.85  55.94  55.07  51.52  57.74  57.08  57.37  49.91  58.37  57.95   56.1  51.78   54.9  55.06  51.43
 43.99   40.9  40.53   39.9  43.88  47.66  40.99  43.21  37.89  41.45  46.52  42.32  40.37  37.32  49.38  50.97  47.06     44   48.8  45.38  45.59  44.98   41.2  43.65  42.77  41.72  43.38  44.66   44.1  40.98  41.09  45.31  47.11  48.94  41.45  41.94  45.92  41.45  38.15  43.73  43.33  35.81  38.97  43.81  45.99  40.39  45.52  40.16     46  42.65  57.71   54.3  57.09  45.16  53.33     49   54.5  41.37  54.24   45.1  40.55  50.43  47.32   51.8  47.54  55.29  49.32  48.48  49.16  46.33  52.18  50.33  51.51  51.37  52.75  54.36  55.18  55.81  50.99  46.65  45.25  45.09   48.2  51.08  48.28  53.05  55.75  49.92   48.7  45.98  46.98  52.06  47.94  41.48  47.62  49.36  48.96  51.71  42.38   48.4  56.54  50.07  59.28  54.23  56.02  62.93  43.65  60.48  54.97   62.6  55.77  53.49  57.12  48.59  50.53  55.58  55.53  66.89  62.28  48.87  58.78  49.15  62.77  52.36  58.13  60.74   52.1  52.55  54.37   59.6   60.3  67.46  54.38  53.04  51.92  62.72  56.34  55.42  51.88   57.9  57.19  57.47  50.07  58.56  58.17  56.17   51.7   55.1  55.51  51.81
 45.75  42.55  42.15  41.46  45.62  49.54   42.6  44.92  39.38  43.09  48.38  43.96  41.98  38.81  51.42  53.01  48.98  45.77  50.75  47.17   47.4  46.77  42.86  45.39  44.38  43.38   45.1  46.44  45.88  42.57   42.7  47.16  48.94  50.89  43.09  43.66  47.81  43.09  39.66  45.47  45.08  37.29   40.5  45.56  47.75  42.02  47.29  41.74  47.83  44.36   59.8  56.24  59.13  46.77  55.25  50.67  56.41  42.85  56.18  46.68     42  52.23  49.04  53.59  49.28  57.31     51  50.18  50.94  47.98  53.97  52.17  53.31  53.13  54.66  56.34  57.16  57.79  52.78  48.37  46.87  46.71  49.94   52.8   49.9   54.9  57.75  51.73   50.4  47.61  48.57  53.87  49.66  42.98  49.28  51.07  50.67  53.56  43.97  50.11  58.41  51.76  61.33  56.03  57.91  65.06  45.09  62.51  56.83  64.76  57.73  55.34  59.12  50.25  52.28  57.52  57.41  69.13  64.39  50.54  60.83  50.82  64.89  54.21  60.11   62.8  53.94  54.37  56.22  61.64  62.38  69.77  56.24  54.85  53.59  64.95  58.25  57.28  53.68  59.95  59.19  59.57  51.76  60.56  60.19  58.19  53.53  57.03   57.4  53.55
 38.96  36.43  35.92  35.42  38.78  42.14  36.21  38.31  33.67  36.88   41.2  37.48  35.93  33.03  43.64  44.86  41.54  38.97  43.29  40.05  40.57  39.75  36.22  38.82  37.93  37.22  38.48   39.6  39.14  36.37  36.55  40.29  41.45  43.09  36.88  37.24  40.77  36.88  33.83   38.8  38.33  32.16  34.45  38.81  40.66  35.95  40.19  35.58  40.71  37.85  52.41  49.18  51.92  41.21  48.58  44.49  49.31   37.5  49.36  40.84  37.05  45.66  43.32  47.07  42.96  50.18  44.64  44.04   45.1  42.15  47.21   45.7  47.12  46.74  47.93  49.38  50.34   50.8  46.29  42.34   41.2  41.04  43.76  46.58  43.66  47.85  50.64  45.73  44.02  41.83  42.73  47.23   43.6  37.68  43.24  44.65  44.35  46.95  38.35  43.89  51.35  45.63  54.15  49.44  51.07  57.65  39.68  55.39  50.46  56.84  50.62  48.87  52.08  44.38  45.99  50.46  50.58  60.78  57.37  44.87  53.51  44.67  57.66  47.77  52.82  55.38  47.44  47.72  49.65  54.44  55.28  61.29  49.66  48.35  47.49  57.41  51.05   50.4  47.08  52.73  52.08   52.3  45.63  53.32  52.86  51.16  47.31  50.15  50.25  47.04
 39.42  36.82  36.34  35.76  39.24   42.6  36.62  38.72     34  37.24  41.68  37.84   36.3  33.44  44.28  45.46  42.12  39.44  43.76  40.52  40.96  40.22  36.76   39.2   38.2  37.56  38.88  40.04   39.6   36.7  36.88  40.76  41.94  43.66  37.24  37.72   41.3  37.24   34.2  39.22  38.82  32.48  34.84  39.24  41.02  36.34  40.62  35.96  41.18  38.28  52.16  48.94   51.6  40.92  48.28  44.12  49.02  37.34  49.06   40.6   36.8  45.44  43.04   46.7  42.86  49.98   44.3  43.76  44.74   41.9  46.86  45.52  46.68  46.34   47.7  49.16     50  50.44  45.98  42.22  40.96  40.82  43.56  46.08   43.3   47.6  50.36   45.4  43.78  41.56  42.34   46.9  43.36  37.52  42.94  44.38  44.08   46.7  38.32  43.64  50.76  45.14   53.6  48.86   50.5  56.94  39.24   54.7  49.82  56.34  50.26  48.38  51.62   43.9  45.56  50.06  50.06  60.14  56.56  44.34  53.04  44.24   56.9  47.38  52.32   54.8  47.08  47.34   49.1  53.88  54.66  60.74  49.12  47.88  46.82  56.88  50.58  49.88  46.72  52.32  51.62     52  45.14  52.78   52.4   50.8  46.88  49.74  49.82  46.58
 43.16  40.31  39.78  39.14  42.96  46.64  40.08  42.39  37.21  40.77  45.64  41.42  39.74   36.6   48.5  49.78  46.12  43.18  47.92  44.36  44.85  44.03  40.24  42.91  41.81  41.12  42.56  43.84  43.36  40.17  40.37  44.63  45.92  47.81  40.77   41.3  45.23  40.77  37.43  42.94   42.5  35.55  38.13  42.95   44.9  39.78  44.47  39.36  45.09  41.91  57.09  53.55  56.47  44.76  52.83  48.26  53.63  40.84  53.69   44.4  40.25  49.71   47.1  51.09  46.89   54.7  48.45  47.88  48.95  45.84  51.25  49.81  51.07   50.7   52.2   53.8  54.72  55.19   50.3   46.2  44.81  44.66  47.66   50.4  47.35  52.07  55.11  49.68  47.89  45.46  46.31  51.31  47.44  41.04  46.97  48.55  48.22   51.1  41.92  47.74   55.5  49.36  58.64  53.44  55.23   62.3  42.89  59.85   54.5  61.63  54.98  52.92  56.47     48  49.81  54.75  54.76   65.8  61.88   48.5  58.02  48.37  62.26  51.83  57.23  59.96   51.5  51.78   53.7  58.96  59.81  66.47  53.72  52.38  51.21  62.24  55.31  54.56   51.1  57.24  56.46  56.89  49.36  57.73  57.31  55.57  51.28  54.41  54.48  50.94
 38.96  36.43  35.92  35.42  38.78  42.14  36.21  38.31  33.67  36.88   41.2  37.48  35.93  33.03  43.64  44.86  41.54  38.97  43.29  40.05  40.57  39.75  36.22  38.82  37.93  37.22  38.48   39.6  39.14  36.37  36.55  40.29  41.45  43.09  36.88  37.24  40.77  36.88  33.83   38.8  38.33  32.16  34.45  38.81  40.66  35.95  40.19  35.58  40.71  37.85  52.41  49.18  51.92  41.21  48.58  44.49  49.31   37.5  49.36  40.84  37.05  45.66  43.32  47.07  42.96  50.18  44.64  44.04   45.1  42.15  47.21   45.7  47.12  46.74  47.93  49.38  50.34   50.8  46.29  42.34   41.2  41.04  43.76  46.58  43.66  47.85  50.64  45.73  44.02  41.83  42.73  47.23   43.6  37.68  43.24  44.65  44.35  46.95  38.35  43.89  51.35  45.63  54.15  49.44  51.07  57.65  39.68  55.39  50.46  56.84  50.62  48.87  52.08  44.38  45.99  50.46  50.58  60.78  57.37  44.87  53.51  44.67  57.66  47.77  52.82  55.38  47.44  47.72  49.65  54.44  55.28  61.29  49.66  48.35  47.49  57.41  51.05   50.4  47.08  52.73  52.08   52.3  45.63  53.32  52.86  51.16  47.31  50.15  50.25  47.04
